     0    0.000               0               0               0          1.5003;
     1    0.013               0              23               1          1.5003;
     2    0.027               0              72              12          1.5003;
     3    0.040               0             147              33          1.5003;
     4    0.053               0             260              59          1.5003;
     5    0.066               0             401              95          1.5003;
     6    0.080               0             573             139          1.5003;
     7    0.093               0             780             189          1.5003;
     8    0.106               0            1018             248          1.5003;
     9    0.120               0            1281             314          1.5003;
    10    0.133               0            1570             387          1.5003;
    11    0.146               0            1891             466          1.5003;
    12    0.159               0            2243             553          1.5003;
    13    0.173               0            2621             648          1.5003;
    14    0.186               0            3025             750          1.5003;
    15    0.199               0            3463             858          1.5003;
    16    0.213               0            3931             974          1.5003;
    17    0.226               0            4423            1097          1.5003;
    18    0.239               0            4947            1228          1.5003;
    19    0.252               0            5501            1366          1.5003;
    20    0.266               0            6082            1512          1.5003;
    21    0.279               0            6695            1664          1.5003;
    22    0.292               0            7335            1824          1.5003;
    23    0.305               0            8003            1992          0.0000;
    24    0.319               0            8661            2165          0.0000;
    25    0.332               0            9318            2337          0.0000;
    26    0.345               0            9989            2502          0.0000;
    27    0.359               0           10659            2666          0.0000;
    28    0.372               0           11318            2832          0.0000;
    29    0.385               0           11972            2997          0.0000;
    30    0.398               0           12627            3160          0.0000;
    31    0.412               0           13280            3322          0.0000;
    32    0.425               0           13930            3483          0.0000;
    33    0.438               0           14574            3644          0.0000;
    34    0.452               0           15213            3804          0.0000;
    35    0.465               0           15846            3963          0.0000;
    36    0.478               0           16477            4121          0.0000;
    37    0.491               0           17101            4277          0.0000;
    38    0.505               0           17723            4432          0.0000;
    39    0.518               0           18337            4586          0.0000;
    40    0.531               0           18948            4739          0.0000;
    41    0.545               0           19553            4891          0.0000;
    42    0.558               0           20155            5041          0.0000;
    43    0.571               0           20752            5191          0.0000;
    44    0.584               0           21344            5339          0.0000;
    45    0.598               0           21932            5485          0.0000;
    46    0.611               0           22513            5631          0.0000;
    47    0.624               0           23091            5775          0.0000;
    48    0.638               0           23662            5918          0.0000;
    49    0.651               0           24229            6060          0.0000;
    50    0.664               0           24790            6200          0.0000;
    51    0.677               0           25345            6339          0.0000;
    52    0.691               0           25897            6476          0.0000;
    53    0.704               0           26442            6613          0.0000;
    54    0.717               0           26984            6747          0.0000;
    55    0.730               0           27520            6881          0.0000;
    56    0.744               0           28052            7014          0.0000;
    57    0.757               0           28579            7145          0.0000;
    58    0.770               0           29099            7276          0.0000;
    59    0.784               0           29618            7405          0.0000;
    60    0.797               0           30130            7534          0.0000;
    61    0.810               0           30637            7660          0.0000;
    62    0.823               0           31139            7786          0.0000;
    63    0.837               0           31633            7910          0.0000;
    64    0.850               0           32123            8032          0.0000;
    65    0.863               0           32606            8153          0.0000;
    66    0.877               0           33080            8272          0.0000;
    67    0.890               0           33549            8390          0.0000;
    68    0.903               0           34011            8505          0.0000;
    69    0.916               0           34465            8620          0.0000;
    70    0.930               0           34914            8732          0.0000;
    71    0.943               0           35355            8842          0.0000;
    72    0.956               0           35788            8952          0.0000;
    73    0.970               0           36217            9059          0.0000;
    74    0.983               0           36637            9165          0.0000;
    75    0.996               0           37052            9269          0.0000;
    76    1.009               0           37462            9371          0.0000;
    77    1.023               0           37864            9472          0.0000;
    78    1.036               0           38261            9572          0.0000;
    79    1.049               0           38655            9669          0.0000;
    80    1.063               0           39042            9766          0.0000;
    81    1.076               0           39424            9862          0.0000;
    82    1.089               0           39802            9957          0.0000;
    83    1.102               0           40176           10050          0.0000;
    84    1.116               0           40544           10143          0.0000;
    85    1.129               0           40908           10234          0.0000;
    86    1.142               0           41270           10324          0.0000;
    87    1.155               0           41629           10413          0.0000;
    88    1.169               0           41982           10502          0.0000;
    89    1.182               0           42332           10590          0.0000;
    90    1.195               0           42680           10676          0.0000;
    91    1.209               0           43026           10763          0.0000;
    92    1.222               0           43367           10849          0.0000;
    93    1.235               0           43707           10934          0.0000;
    94    1.248               0           44047           11018          0.0000;
    95    1.262               0           44382           11102          0.0000;
    96    1.275               0           44714           11186          0.0000;
    97    1.288               0           45044           11269          0.0000;
    98    1.302               0           45376           11350          0.0000;
    99    1.315               0           45703           11432          0.0000;
   100    1.328               0           46025           11513          0.0000;
   101    1.341               0           46344           11594          0.0000;
   102    1.355               0           46665           11673          0.0000;
   103    1.368               0           46982           11751          0.0000;
   104    1.381               0           47291           11829          0.0000;
   105    1.395               0           47596           11907          0.0000;
   106    1.408               0           47900           11982          0.0000;
   107    1.421               0           48202           12056          0.0000;
   108    1.434               0           48493           12129          0.0000;
   109    1.448               0           48778           12202          0.0000;
   110    1.461               0           49061           12273          0.0000;
   111    1.474               0           49343           12341          0.0000;
   112    1.488               0           49616           12409          0.0000;
   113    1.501               0           49881           12477          0.0000;
   114    1.514               0           50143           12543          0.0000;
   115    1.527               0           50403           12607          0.0000;
   116    1.541               0           50660           12669          0.0000;
   117    1.554               0           50909           12732          0.0000;
   118    1.567               0           51152           12794          0.0000;
   119    1.580               0           51392           12855          0.0000;
   120    1.594               0           51630           12914          0.0000;
   121    1.607               0           51866           12972          0.0000;
   122    1.620               0           52096           13029          0.0000;
   123    1.634               0           52321           13087          0.0000;
   124    1.647               0           52542           13143          0.0000;
   125    1.660               0           52760           13197          0.0000;
   126    1.673               0           52974           13251          0.0000;
   127    1.687               0           53187           13303          0.0000;
   128    1.700               0           53394           13354          0.0000;
   129    1.713               0           53597           13406          0.0000;
   130    1.727               0           53797           13457          0.0000;
   131    1.740               0           53995           13506          0.0000;
   132    1.753               0           54190           13554          0.0000;
   133    1.766               0           54382           13602          0.0000;
   134    1.780               0           54571           13649          0.0000;
   135    1.793               0           54755           13695          0.0000;
   136    1.806               0           54936           13741          0.0000;
   137    1.820               0           55114           13785          0.0000;
   138    1.833               0           55289           13829          0.0000;
   139    1.846               0           55460           13872          0.0000;
   140    1.859               0           55629           13914          0.0000;
   141    1.873               0           55794           13954          0.0000;
   142    1.886               0           55956           13995          0.0000;
   143    1.899               0           56114           14035          0.0000;
   144    1.913               0           56269           14074          0.0000;
   145    1.926               0           56421           14112          0.0000;
   146    1.939               0           56569           14149          0.0000;
   147    1.952               0           56714           14185          0.0000;
   148    1.966               0           56855           14220          0.0000;
   149    1.979               0           56994           14254          0.0000;
   150    1.992               0           57129           14288          0.0000;
   151    2.005               0           57261           14321          0.0000;
   152    2.019               0           57389           14353          0.0000;
   153    2.032               0           57515           14385          0.0000;
   154    2.045               0           57638           14415          0.0000;
   155    2.059               0           57757           14445          0.0000;
   156    2.072               0           57872           14474          0.0000;
   157    2.085               0           57984           14502          0.0000;
   158    2.098               0           58092           14529          0.0000;
   159    2.112               0           58197           14555          0.0000;
   160    2.125               0           58299           14580          0.0000;
   161    2.138               0           58398           14605          0.0000;
   162    2.152               0           58494           14629          0.0000;
   163    2.165               0           58587           14652          0.0000;
   164    2.178               0           58677           14674          0.0000;
   165    2.191               0           58765           14697          0.0000;
   166    2.205               0           58850           14718          0.0000;
   167    2.218               0           58931           14738          0.0000;
   168    2.231               0           59009           14758          0.0000;
   169    2.245               0           59084           14777          0.0000;
   170    2.258               0           59157           14795          0.0000;
   171    2.271               0           59226           14812          0.0000;
   172    2.284               0           59293           14829          0.0000;
   173    2.298               0           59357           14845          0.0000;
   174    2.311               0           59417           14860          0.0000;
   175    2.324               0           59475           14874          0.0000;
   176    2.338               0           59531           14888          0.0000;
   177    2.351               0           59583           14901          0.0000;
   178    2.364               0           59633           14913          0.0000;
   179    2.377               0           59680           14925          0.0000;
   180    2.391               0           59724           14936          0.0000;
   181    2.404               0           59767           14947          0.0000;
   182    2.417               0           59807           14957          0.0000;
   183    2.430               0           59845           14966          0.0000;
   184    2.444               0           59880           14976          0.0000;
   185    2.457               0           59914           14984          0.0000;
   186    2.470               0           59945           14992          0.0000;
   187    2.484               0           59974           14999          0.0000;
   188    2.497               0           60000           15005          0.0000;
   189    2.510               0           60024           15011          0.0000;
   190    2.523               0           60046           15017          0.0000;
   191    2.537               0           60065           15021          0.0000;
   192    2.550               0           60081           15025          0.0000;
   193    2.563               0           60095           15029          0.0000;
   194    2.577               0           60106           15032          0.0000;
   195    2.590               0           60115           15034          0.0000;
   196    2.603               0           60121           15035          0.0000;
   197    2.616               0           60124           15036          0.0000;
   198    2.630               0           60125           15037          0.0000;
   199    2.643               0           60125           15037          0.0000;
   200    2.656               0           60124           15037          0.0000;
   201    2.670               0           60119           15036          0.0000;
   202    2.683               0           60113           15035          0.0000;
   203    2.696               0           60106           15033          0.0000;
   204    2.709               0           60099           15031          0.0000;
   205    2.723               0           60092           15029          0.0000;
   206    2.736               0           60085           15027          0.0000;
   207    2.749               0           60078           15026          0.0000;
   208    2.763               0           60071           15024          0.0000;
   209    2.776               0           60065           15023          0.0000;
   210    2.789               0           60060           15021          0.0000;
   211    2.802               0           60055           15020          0.0000;
   212    2.816               0           60051           15019          0.0000;
   213    2.829               0           60048           15018          0.0000;
   214    2.842               0           60046           15018          0.0000;
   215    2.855               0           60044           15017          0.0000;
   216    2.869               0           60044           15017          0.0000;
   217    2.882               0           60044           15017          0.0000;
   218    2.895               0           60044           15017          0.0000;
   219    2.909               0           60044           15017          0.0000;
   220    2.922               0           60046           15017          0.0000;
   221    2.935               0           60048           15017          0.0000;
   222    2.948               0           60050           15017          0.0000;
   223    2.962               0           60052           15018          0.0000;
   224    2.975               0           60053           15018          0.0000;
   225    2.988               0           60054           15018          0.0000;
   226    3.002               0           60055           15018          0.0000;
   227    3.015               0           60055           15018          0.0000;
   228    3.028               0           60055           15018          0.0000;
   229    3.041               0           60055           15018          0.0000;
   230    3.055               0           60055           15018          0.0000;
   231    3.068               0           60054           15018          0.0000;
   232    3.081               0           60053           15018          0.0000;
   233    3.095               0           60051           15018          0.0000;
   234    3.108               0           60051           15018          0.0000;
   235    3.121               0           60050           15018          0.0000;
   236    3.134               0           60050           15018          0.0000;
   237    3.148               0           60050           15018          0.0000;
   238    3.161               0           60050           15018          0.0000;
   239    3.174               0           60050           15018          0.0000;
   240    3.188               0           60051           15018          0.0000;
   241    3.201               0           60052           15018          0.0000;
   242    3.214               0           60052           15018          0.0000;
   243    3.227               0           60053           15018          0.0000;
   244    3.241               0           60053           15018          0.0000;
   245    3.254               0           60053           15018          0.0000;
   246    3.267               0           60053           15018          0.0000;
   247    3.280               0           60053           15018          0.0000
