     0    0.000              -1               0               0          1.5003;
     1    0.013              -1              28               4          1.5003;
     2    0.027              -1             105              23          1.5003;
     3    0.040              -1             232              55          1.5003;
     4    0.053              -1             410              99          1.5003;
     5    0.066              -1             639             156          1.5003;
     6    0.080              -1             915             224          1.5003;
     7    0.093              -1            1234             304          1.5003;
     8    0.106              -1            1599             395          1.5003;
     9    0.120              -1            2010             498          1.5003;
    10    0.133              -1            2467             611          1.5003;
    11    0.146              -1            2964             736          1.5003;
    12    0.159              -1            3508             870          1.5003;
    13    0.173              -1            4092            1017          1.5003;
    14    0.186              -1            4720            1174          1.5003;
    15    0.199              -1            5391            1341          1.5003;
    16    0.213              -1            6103            1520          1.5003;
    17    0.226              -1            6856            1708          1.5003;
    18    0.239              -1            7651            1907          1.5003;
    19    0.252              -1            8488            2117          1.5003;
    20    0.266              -1            9368            2338          1.5003;
    21    0.279              -1           10293            2569          1.5003;
    22    0.292              -1           11261            2812          1.5003;
    23    0.305              -1           12269            3066          0.0000;
    24    0.319              -1           13279            3322          0.0000;
    25    0.332              -1           14282            3571          0.0000;
    26    0.345              -1           15277            3820          0.0000;
    27    0.359              -1           16264            4067          0.0000;
    28    0.372              -1           17245            4312          0.0000;
    29    0.385              -1           18220            4556          0.0000;
    30    0.398              -1           19191            4798          0.0000;
    31    0.412              -1           20157            5039          0.0000;
    32    0.425              -1           21115            5279          0.0000;
    33    0.438              -1           22066            5517          0.0000;
    34    0.452              -1           23009            5752          0.0000;
    35    0.465              -1           23944            5986          0.0000;
    36    0.478              -1           24871            6219          0.0000;
    37    0.491              -1           25789            6448          0.0000;
    38    0.505              -1           26700            6676          0.0000;
    39    0.518              -1           27602            6902          0.0000;
    40    0.531              -1           28498            7126          0.0000;
    41    0.545              -1           29387            7347          0.0000;
    42    0.558              -1           30269            7568          0.0000;
    43    0.571              -1           31144            7785          0.0000;
    44    0.584              -1           32013            8002          0.0000;
    45    0.598              -1           32876            8218          0.0000;
    46    0.611              -1           33735            8432          0.0000;
    47    0.624              -1           34588            8645          0.0000;
    48    0.638              -1           35437            8858          0.0000;
    49    0.651              -1           36280            9069          0.0000;
    50    0.664              -1           37114            9278          0.0000;
    51    0.677              -1           37941            9485          0.0000;
    52    0.691              -1           38760            9690          0.0000;
    53    0.704              -1           39569            9893          0.0000;
    54    0.717              -1           40370           10094          0.0000;
    55    0.730              -1           41166           10293          0.0000;
    56    0.744              -1           41954           10492          0.0000;
    57    0.757              -1           42737           10687          0.0000;
    58    0.770              -1           43513           10882          0.0000;
    59    0.784              -1           44286           11075          0.0000;
    60    0.797              -1           45052           11267          0.0000;
    61    0.810              -1           45815           11458          0.0000;
    62    0.823              -1           46573           11647          0.0000;
    63    0.837              -1           47327           11836          0.0000;
    64    0.850              -1           48077           12022          0.0000;
    65    0.863              -1           48821           12209          0.0000;
    66    0.877              -1           49562           12393          0.0000;
    67    0.890              -1           50297           12578          0.0000;
    68    0.903              -1           51029           12760          0.0000;
    69    0.916              -1           51755           12942          0.0000;
    70    0.930              -1           52476           13123          0.0000;
    71    0.943              -1           53190           13301          0.0000;
    72    0.956              -1           53896           13479          0.0000;
    73    0.970              -1           54595           13652          0.0000;
    74    0.983              -1           55285           13827          0.0000;
    75    0.996              -1           55970           13995          0.0000;
    76    1.009              -1           56644           14166          0.0000;
    77    1.023              -1           57313           14331          0.0000;
    78    1.036              -1           57970           14498          0.0000;
    79    1.049              -1           58621           14658          0.0000;
    80    1.063              -1           59261           14820          0.0000;
    81    1.076              -1           59893           14976          0.0000;
    82    1.089              -1           60513           15133          0.0000;
    83    1.102              -1           61126           15285          0.0000;
    84    1.116              -1           61727           15437          0.0000;
    85    1.129              -1           62320           15584          0.0000;
    86    1.142              -1           62903           15730          0.0000;
    87    1.155              -1           63477           15873          0.0000;
    88    1.169              -1           64044           16014          0.0000;
    89    1.182              -1           64602           16154          0.0000;
    90    1.195              -1           65154           16290          0.0000;
    91    1.209              -1           65697           16427          0.0000;
    92    1.222              -1           66234           16560          0.0000;
    93    1.235              -1           66762           16692          0.0000;
    94    1.248              -1           67282           16823          0.0000;
    95    1.262              -1           67794           16948          0.0000;
    96    1.275              -1           68295           17076          0.0000;
    97    1.288              -1           68786           17198          0.0000;
    98    1.302              -1           69267           17317          0.0000;
    99    1.315              -1           69737           17436          0.0000;
   100    1.328              -1           70195           17550          0.0000;
   101    1.341              -1           70641           17662          0.0000;
   102    1.355              -1           71076           17771          0.0000;
   103    1.368              -1           71500           17877          0.0000;
   104    1.381              -1           71912           17980          0.0000;
   105    1.395              -1           72312           18081          0.0000;
   106    1.408              -1           72700           18178          0.0000;
   107    1.421              -1           73077           18272          0.0000;
   108    1.434              -1           73443           18364          0.0000;
   109    1.448              -1           73798           18453          0.0000;
   110    1.461              -1           74143           18540          0.0000;
   111    1.474              -1           74477           18624          0.0000;
   112    1.488              -1           74803           18705          0.0000;
   113    1.501              -1           75119           18784          0.0000;
   114    1.514              -1           75425           18861          0.0000;
   115    1.527              -1           75723           18936          0.0000;
   116    1.541              -1           76012           19009          0.0000;
   117    1.554              -1           76294           19079          0.0000;
   118    1.567              -1           76567           19148          0.0000;
   119    1.580              -1           76833           19214          0.0000;
   120    1.594              -1           77091           19279          0.0000;
   121    1.607              -1           77342           19342          0.0000;
   122    1.620              -1           77586           19403          0.0000;
   123    1.634              -1           77822           19462          0.0000;
   124    1.647              -1           78052           19519          0.0000;
   125    1.660              -1           78274           19575          0.0000;
   126    1.673              -1           78491           19629          0.0000;
   127    1.687              -1           78701           19682          0.0000;
   128    1.700              -1           78904           19732          0.0000;
   129    1.713              -1           79101           19782          0.0000;
   130    1.727              -1           79292           19829          0.0000;
   131    1.740              -1           79478           19875          0.0000;
   132    1.753              -1           79658           19920          0.0000;
   133    1.766              -1           79833           19964          0.0000;
   134    1.780              -1           80004           20007          0.0000;
   135    1.793              -1           80170           20048          0.0000;
   136    1.806              -1           80331           20089          0.0000;
   137    1.820              -1           80488           20128          0.0000;
   138    1.833              -1           80639           20165          0.0000;
   139    1.846              -1           80787           20202          0.0000;
   140    1.859              -1           80932           20238          0.0000;
   141    1.873              -1           81073           20274          0.0000;
   142    1.886              -1           81210           20308          0.0000;
   143    1.899              -1           81344           20341          0.0000;
   144    1.913              -1           81474           20374          0.0000;
   145    1.926              -1           81600           20406          0.0000;
   146    1.939              -1           81722           20436          0.0000;
   147    1.952              -1           81840           20466          0.0000;
   148    1.966              -1           81952           20494          0.0000;
   149    1.979              -1           82061           20521          0.0000;
   150    1.992              -1           82166           20547          0.0000;
   151    2.005              -1           82266           20572          0.0000;
   152    2.019              -1           82362           20596          0.0000;
   153    2.032              -1           82455           20619          0.0000;
   154    2.045              -1           82543           20641          0.0000;
   155    2.059              -1           82627           20662          0.0000;
   156    2.072              -1           82707           20683          0.0000;
   157    2.085              -1           82782           20701          0.0000;
   158    2.098              -1           82853           20719          0.0000;
   159    2.112              -1           82919           20736          0.0000;
   160    2.125              -1           82981           20751          0.0000;
   161    2.138              -1           83038           20765          0.0000;
   162    2.152              -1           83090           20779          0.0000;
   163    2.165              -1           83138           20791          0.0000;
   164    2.178              -1           83181           20801          0.0000;
   165    2.191              -1           83219           20811          0.0000;
   166    2.205              -1           83251           20819          0.0000;
   167    2.218              -1           83279           20825          0.0000;
   168    2.231              -1           83301           20831          0.0000;
   169    2.245              -1           83318           20835          0.0000;
   170    2.258              -1           83330           20838          0.0000;
   171    2.271              -1           83338           20840          0.0000;
   172    2.284              -1           83340           20840          0.0000;
   173    2.298              -1           83340           20840          0.0000;
   174    2.311              -1           83335           20840          0.0000;
   175    2.324              -1           83327           20839          0.0000;
   176    2.338              -1           83317           20837          0.0000;
   177    2.351              -1           83306           20834          0.0000;
   178    2.364              -1           83295           20831          0.0000;
   179    2.377              -1           83283           20828          0.0000;
   180    2.391              -1           83271           20825          0.0000;
   181    2.404              -1           83259           20822          0.0000;
   182    2.417              -1           83248           20819          0.0000;
   183    2.430              -1           83237           20816          0.0000;
   184    2.444              -1           83227           20814          0.0000;
   185    2.457              -1           83217           20811          0.0000;
   186    2.470              -1           83209           20809          0.0000;
   187    2.484              -1           83202           20807          0.0000;
   188    2.497              -1           83195           20806          0.0000;
   189    2.510              -1           83190           20805          0.0000;
   190    2.523              -1           83186           20804          0.0000;
   191    2.537              -1           83184           20803          0.0000;
   192    2.550              -1           83182           20803          0.0000;
   193    2.563              -1           83182           20802          0.0000;
   194    2.577              -1           83182           20802          0.0000;
   195    2.590              -1           83182           20802          0.0000;
   196    2.603              -1           83182           20802          0.0000;
   197    2.616              -1           83183           20802          0.0000;
   198    2.630              -1           83183           20802          0.0000;
   199    2.643              -1           83183           20802          0.0000;
   200    2.656              -1           83183           20802          0.0000;
   201    2.670              -1           83183           20802          0.0000;
   202    2.683              -1           83183           20802          0.0000;
   203    2.696              -1           83183           20802          0.0000;
   204    2.709              -1           83183           20802          0.0000;
   205    2.723              -1           83183           20802          0.0000;
   206    2.736              -1           83183           20802          0.0000;
   207    2.749              -1           83183           20802          0.0000;
   208    2.763              -1           83183           20802          0.0000;
   209    2.776              -1           83183           20802          0.0000;
   210    2.789              -1           83183           20802          0.0000;
   211    2.802              -1           83183           20802          0.0000;
   212    2.816              -1           83183           20802          0.0000;
   213    2.829              -1           83183           20802          0.0000;
   214    2.842              -1           83183           20802          0.0000;
   215    2.855              -1           83183           20802          0.0000;
   216    2.869              -1           83183           20802          0.0000;
   217    2.882              -1           83183           20802          0.0000;
   218    2.895              -1           83183           20802          0.0000;
   219    2.909              -1           83183           20802          0.0000;
   220    2.922              -1           83183           20802          0.0000;
   221    2.935              -1           83183           20802          0.0000;
   222    2.948              -1           83183           20802          0.0000;
   223    2.962              -1           83183           20802          0.0000;
   224    2.975              -1           83183           20802          0.0000;
   225    2.988              -1           83183           20802          0.0000;
   226    3.002              -1           83183           20802          0.0000;
   227    3.015              -1           83183           20802          0.0000;
   228    3.028              -1           83183           20802          0.0000;
   229    3.041              -1           83183           20802          0.0000;
   230    3.055              -1           83183           20802          0.0000;
   231    3.068              -1           83183           20802          0.0000;
   232    3.081              -1           83183           20802          0.0000;
   233    3.095              -1           83183           20802          0.0000;
   234    3.108              -1           83183           20802          0.0000;
   235    3.121              -1           83183           20802          0.0000;
   236    3.134              -1           83183           20802          0.0000;
   237    3.148              -1           83183           20802          0.0000;
   238    3.161              -1           83183           20802          0.0000;
   239    3.174              -1           83183           20802          0.0000;
   240    3.188              -1           83183           20802          0.0000;
   241    3.201              -1           83183           20802          0.0000;
   242    3.214              -1           83183           20802          0.0000;
   243    3.227              -1           83183           20802          0.0000;
   244    3.241              -1           83183           20802          0.0000;
   245    3.254              -1           83183           20802          0.0000;
   246    3.267              -1           83183           20802          0.0000;
   247    3.280              -1           83183           20802          0.0000
