     0    0.000               0               3               0          1.5003;
     1    0.013               0              27               1          1.5003;
     2    0.027               0              78              12          1.5003;
     3    0.040               0             153              32          1.5003;
     4    0.053               0             262              59          1.5003;
     5    0.066               0             404              94          1.5003;
     6    0.080               0             576             138          1.5003;
     7    0.093               0             783             189          1.5003;
     8    0.106               0            1020             249          1.5003;
     9    0.120               0            1287             317          1.5003;
    10    0.133               0            1584             391          1.5003;
    11    0.146               0            1912             472          1.5003;
    12    0.159               0            2272             562          1.5003;
    13    0.173               0            2663             660          1.5003;
    14    0.186               0            3081             764          1.5003;
    15    0.199               0            3534             877          1.5003;
    16    0.213               0            4017             997          1.5003;
    17    0.226               0            4525            1126          1.5003;
    18    0.239               0            5068            1260          1.5003;
    19    0.252               0            5641            1402          1.5003;
    20    0.266               0            6242            1552          1.5003;
    21    0.279               0            6877            1709          1.5003;
    22    0.292               0            7541            1873          1.5003;
    23    0.305               0            8233            2044          0.0000;
    24    0.319               0            8911            2223          0.0000;
    25    0.332               0            9586            2400          0.0000;
    26    0.345               0           10271            2571          0.0000;
    27    0.359               0           10962            2738          0.0000;
    28    0.372               0           11642            2904          0.0000;
    29    0.385               0           12311            3073          0.0000;
    30    0.398               0           12972            3240          0.0000;
    31    0.412               0           13632            3404          0.0000;
    32    0.425               0           14288            3567          0.0000;
    33    0.438               0           14939            3729          0.0000;
    34    0.452               0           15581            3891          0.0000;
    35    0.465               0           16219            4050          0.0000;
    36    0.478               0           16852            4209          0.0000;
    37    0.491               0           17481            4366          0.0000;
    38    0.505               0           18106            4521          0.0000;
    39    0.518               0           18725            4676          0.0000;
    40    0.531               0           19339            4830          0.0000;
    41    0.545               0           19949            4982          0.0000;
    42    0.558               0           20556            5132          0.0000;
    43    0.571               0           21158            5282          0.0000;
    44    0.584               0           21756            5431          0.0000;
    45    0.598               0           22349            5580          0.0000;
    46    0.611               0           22940            5727          0.0000;
    47    0.624               0           23526            5874          0.0000;
    48    0.638               0           24109            6019          0.0000;
    49    0.651               0           24687            6164          0.0000;
    50    0.664               0           25259            6307          0.0000;
    51    0.677               0           25826            6448          0.0000;
    52    0.691               0           26385            6589          0.0000;
    53    0.704               0           26939            6727          0.0000;
    54    0.717               0           27484            6864          0.0000;
    55    0.730               0           28021            6998          0.0000;
    56    0.744               0           28552            7131          0.0000;
    57    0.757               0           29073            7262          0.0000;
    58    0.770               0           29588            7390          0.0000;
    59    0.784               0           30096            7517          0.0000;
    60    0.797               0           30595            7642          0.0000;
    61    0.810               0           31088            7766          0.0000;
    62    0.823               0           31573            7888          0.0000;
    63    0.837               0           32053            8008          0.0000;
    64    0.850               0           32528            8127          0.0000;
    65    0.863               0           32997            8245          0.0000;
    66    0.877               0           33461            8361          0.0000;
    67    0.890               0           33920            8476          0.0000;
    68    0.903               0           34373            8590          0.0000;
    69    0.916               0           34824            8702          0.0000;
    70    0.930               0           35269            8813          0.0000;
    71    0.943               0           35709            8923          0.0000;
    72    0.956               0           36145            9032          0.0000;
    73    0.970               0           36578            9140          0.0000;
    74    0.983               0           37005            9247          0.0000;
    75    0.996               0           37431            9352          0.0000;
    76    1.009               0           37851            9458          0.0000;
    77    1.023               0           38267            9563          0.0000;
    78    1.036               0           38684            9666          0.0000;
    79    1.049               0           39098            9769          0.0000;
    80    1.063               0           39506            9872          0.0000;
    81    1.076               0           39913            9975          0.0000;
    82    1.089               0           40318           10075          0.0000;
    83    1.102               0           40720           10176          0.0000;
    84    1.116               0           41118           10277          0.0000;
    85    1.129               0           41516           10376          0.0000;
    86    1.142               0           41909           10474          0.0000;
    87    1.155               0           42297           10572          0.0000;
    88    1.169               0           42682           10668          0.0000;
    89    1.182               0           43066           10764          0.0000;
    90    1.195               0           43441           10859          0.0000;
    91    1.209               0           43813           10952          0.0000;
    92    1.222               0           44185           11043          0.0000;
    93    1.235               0           44550           11135          0.0000;
    94    1.248               0           44907           11225          0.0000;
    95    1.262               0           45263           11314          0.0000;
    96    1.275               0           45619           11402          0.0000;
    97    1.288               0           45967           11489          0.0000;
    98    1.302               0           46310           11576          0.0000;
    99    1.315               0           46653           11661          0.0000;
   100    1.328               0           46994           11745          0.0000;
   101    1.341               0           47326           11830          0.0000;
   102    1.355               0           47655           11912          0.0000;
   103    1.368               0           47984           11993          0.0000;
   104    1.381               0           48309           12074          0.0000;
   105    1.395               0           48626           12155          0.0000;
   106    1.408               0           48940           12234          0.0000;
   107    1.421               0           49254           12311          0.0000;
   108    1.434               0           49563           12387          0.0000;
   109    1.448               0           49865           12464          0.0000;
   110    1.461               0           50164           12539          0.0000;
   111    1.474               0           50461           12613          0.0000;
   112    1.488               0           50755           12685          0.0000;
   113    1.501               0           51042           12758          0.0000;
   114    1.514               0           51324           12829          0.0000;
   115    1.527               0           51606           12899          0.0000;
   116    1.541               0           51884           12968          0.0000;
   117    1.554               0           52158           13036          0.0000;
   118    1.567               0           52425           13103          0.0000;
   119    1.580               0           52690           13170          0.0000;
   120    1.594               0           52952           13235          0.0000;
   121    1.607               0           53212           13299          0.0000;
   122    1.620               0           53468           13362          0.0000;
   123    1.634               0           53719           13425          0.0000;
   124    1.647               0           53967           13488          0.0000;
   125    1.660               0           54212           13549          0.0000;
   126    1.673               0           54455           13609          0.0000;
   127    1.687               0           54696           13668          0.0000;
   128    1.700               0           54931           13728          0.0000;
   129    1.713               0           55162           13787          0.0000;
   130    1.727               0           55392           13844          0.0000;
   131    1.740               0           55619           13901          0.0000;
   132    1.753               0           55844           13956          0.0000;
   133    1.766               0           56066           14011          0.0000;
   134    1.780               0           56283           14066          0.0000;
   135    1.793               0           56497           14120          0.0000;
   136    1.806               0           56709           14174          0.0000;
   137    1.820               0           56918           14226          0.0000;
   138    1.833               0           57125           14277          0.0000;
   139    1.846               0           57329           14328          0.0000;
   140    1.859               0           57527           14378          0.0000;
   141    1.873               0           57722           14427          0.0000;
   142    1.886               0           57914           14476          0.0000;
   143    1.899               0           58103           14523          0.0000;
   144    1.913               0           58288           14569          0.0000;
   145    1.926               0           58469           14614          0.0000;
   146    1.939               0           58647           14658          0.0000;
   147    1.952               0           58820           14702          0.0000;
   148    1.966               0           58988           14744          0.0000;
   149    1.979               0           59153           14786          0.0000;
   150    1.992               0           59313           14826          0.0000;
   151    2.005               0           59469           14865          0.0000;
   152    2.019               0           59620           14903          0.0000;
   153    2.032               0           59768           14939          0.0000;
   154    2.045               0           59911           14975          0.0000;
   155    2.059               0           60048           15009          0.0000;
   156    2.072               0           60182           15043          0.0000;
   157    2.085               0           60312           15076          0.0000;
   158    2.098               0           60437           15107          0.0000;
   159    2.112               0           60557           15137          0.0000;
   160    2.125               0           60674           15167          0.0000;
   161    2.138               0           60786           15195          0.0000;
   162    2.152               0           60893           15221          0.0000;
   163    2.165               0           60997           15247          0.0000;
   164    2.178               0           61097           15272          0.0000;
   165    2.191               0           61192           15295          0.0000;
   166    2.205               0           61282           15319          0.0000;
   167    2.218               0           61370           15340          0.0000;
   168    2.231               0           61454           15361          0.0000;
   169    2.245               0           61534           15382          0.0000;
   170    2.258               0           61611           15401          0.0000;
   171    2.271               0           61685           15419          0.0000;
   172    2.284               0           61754           15437          0.0000;
   173    2.298               0           61820           15453          0.0000;
   174    2.311               0           61882           15469          0.0000;
   175    2.324               0           61940           15483          0.0000;
   176    2.338               0           61995           15497          0.0000;
   177    2.351               0           62045           15510          0.0000;
   178    2.364               0           62092           15521          0.0000;
   179    2.377               0           62135           15532          0.0000;
   180    2.391               0           62174           15542          0.0000;
   181    2.404               0           62209           15551          0.0000;
   182    2.417               0           62241           15559          0.0000;
   183    2.430               0           62269           15565          0.0000;
   184    2.444               0           62294           15571          0.0000;
   185    2.457               0           62316           15577          0.0000;
   186    2.470               0           62334           15582          0.0000;
   187    2.484               0           62349           15585          0.0000;
   188    2.497               0           62361           15588          0.0000;
   189    2.510               0           62369           15591          0.0000;
   190    2.523               0           62375           15592          0.0000;
   191    2.537               0           62377           15592          0.0000;
   192    2.550               0           62378           15593          0.0000;
   193    2.563               0           62375           15593          0.0000;
   194    2.577               0           62370           15592          0.0000;
   195    2.590               0           62363           15590          0.0000;
   196    2.603               0           62355           15588          0.0000;
   197    2.616               0           62346           15585          0.0000;
   198    2.630               0           62337           15584          0.0000;
   199    2.643               0           62327           15581          0.0000;
   200    2.656               0           62318           15578          0.0000;
   201    2.670               0           62309           15577          0.0000;
   202    2.683               0           62301           15574          0.0000;
   203    2.696               0           62293           15572          0.0000;
   204    2.709               0           62285           15570          0.0000;
   205    2.723               0           62278           15569          0.0000;
   206    2.736               0           62272           15567          0.0000;
   207    2.749               0           62266           15565          0.0000;
   208    2.763               0           62262           15564          0.0000;
   209    2.776               0           62258           15563          0.0000;
   210    2.789               0           62254           15562          0.0000;
   211    2.802               0           62252           15562          0.0000;
   212    2.816               0           62250           15561          0.0000;
   213    2.829               0           62249           15561          0.0000;
   214    2.842               0           62249           15561          0.0000;
   215    2.855               0           62249           15561          0.0000;
   216    2.869               0           62249           15561          0.0000;
   217    2.882               0           62249           15561          0.0000;
   218    2.895               0           62251           15561          0.0000;
   219    2.909               0           62253           15561          0.0000;
   220    2.922               0           62254           15561          0.0000;
   221    2.935               0           62256           15561          0.0000;
   222    2.948               0           62256           15561          0.0000;
   223    2.962               0           62257           15561          0.0000;
   224    2.975               0           62257           15561          0.0000;
   225    2.988               0           62257           15561          0.0000;
   226    3.002               0           62257           15561          0.0000;
   227    3.015               0           62256           15561          0.0000;
   228    3.028               0           62255           15561          0.0000;
   229    3.041               0           62254           15561          0.0000;
   230    3.055               0           62253           15561          0.0000;
   231    3.068               0           62252           15561          0.0000;
   232    3.081               0           62252           15561          0.0000;
   233    3.095               0           62252           15561          0.0000;
   234    3.108               0           62252           15561          0.0000;
   235    3.121               0           62252           15561          0.0000;
   236    3.134               0           62252           15561          0.0000;
   237    3.148               0           62254           15561          0.0000;
   238    3.161               0           62254           15561          0.0000;
   239    3.174               0           62254           15561          0.0000;
   240    3.188               0           62255           15561          0.0000;
   241    3.201               0           62255           15561          0.0000;
   242    3.214               0           62255           15561          0.0000;
   243    3.227               0           62255           15561          0.0000;
   244    3.241               0           62255           15561          0.0000;
   245    3.254               0           62255           15561          0.0000;
   246    3.267               0           62255           15561          0.0000;
   247    3.280               0           62254           15561          0.0000
