     0    0.000               0               0               0          1.5003;
     1    0.013               0              25               4          1.5003;
     2    0.027               0              92              21          1.5003;
     3    0.040               0             205              50          1.5003;
     4    0.053               0             365              91          1.5003;
     5    0.066               0             574             142          1.5003;
     6    0.080               0             833             207          1.5003;
     7    0.093               0            1143             284          1.5003;
     8    0.106               0            1498             373          1.5003;
     9    0.120               0            1899             473          1.5003;
    10    0.133               0            2348             585          1.5003;
    11    0.146               0            2844             706          1.5003;
    12    0.159               0            3381             841          1.5003;
    13    0.173               0            3968             984          1.5003;
    14    0.186               0            4595            1142          1.5003;
    15    0.199               0            5269            1309          1.5003;
    16    0.213               0            5986            1489          1.5003;
    17    0.226               0            6748            1679          1.5003;
    18    0.239               0            7553            1880          1.5003;
    19    0.252               0            8402            2092          1.5003;
    20    0.266               0            9295            2317          1.5003;
    21    0.279               0           10234            2551          1.5003;
    22    0.292               0           11220            2798          1.5003;
    23    0.305               0           12248            3057          0.0000;
    24    0.319               0           13279            3318          0.0000;
    25    0.332               0           14306            3573          0.0000;
    26    0.345               0           15325            3828          0.0000;
    27    0.359               0           16337            4081          0.0000;
    28    0.372               0           17344            4333          0.0000;
    29    0.385               0           18347            4583          0.0000;
    30    0.398               0           19346            4833          0.0000;
    31    0.412               0           20341            5082          0.0000;
    32    0.425               0           21330            5330          0.0000;
    33    0.438               0           22313            5576          0.0000;
    34    0.452               0           23288            5819          0.0000;
    35    0.465               0           24255            6061          0.0000;
    36    0.478               0           25213            6302          0.0000;
    37    0.491               0           26164            6540          0.0000;
    38    0.505               0           27106            6776          0.0000;
    39    0.518               0           28041            7010          0.0000;
    40    0.531               0           28968            7242          0.0000;
    41    0.545               0           29888            7472          0.0000;
    42    0.558               0           30801            7701          0.0000;
    43    0.571               0           31708            7927          0.0000;
    44    0.584               0           32610            8152          0.0000;
    45    0.598               0           33506            8376          0.0000;
    46    0.611               0           34398            8600          0.0000;
    47    0.624               0           35286            8821          0.0000;
    48    0.638               0           36169            9042          0.0000;
    49    0.651               0           37045            9261          0.0000;
    50    0.664               0           37913            9477          0.0000;
    51    0.677               0           38772            9694          0.0000;
    52    0.691               0           39625            9906          0.0000;
    53    0.704               0           40469           10116          0.0000;
    54    0.717               0           41306           10326          0.0000;
    55    0.730               0           42136           10533          0.0000;
    56    0.744               0           42959           10738          0.0000;
    57    0.757               0           43773           10942          0.0000;
    58    0.770               0           44580           11142          0.0000;
    59    0.784               0           45378           11343          0.0000;
    60    0.797               0           46169           11541          0.0000;
    61    0.810               0           46953           11735          0.0000;
    62    0.823               0           47728           11929          0.0000;
    63    0.837               0           48496           12120          0.0000;
    64    0.850               0           49253           12309          0.0000;
    65    0.863               0           50003           12496          0.0000;
    66    0.877               0           50743           12681          0.0000;
    67    0.890               0           51475           12864          0.0000;
    68    0.903               0           52196           13044          0.0000;
    69    0.916               0           52906           13223          0.0000;
    70    0.930               0           53606           13397          0.0000;
    71    0.943               0           54292           13570          0.0000;
    72    0.956               0           54965           13737          0.0000;
    73    0.970               0           55624           13903          0.0000;
    74    0.983               0           56272           14064          0.0000;
    75    0.996               0           56906           14224          0.0000;
    76    1.009               0           57530           14379          0.0000;
    77    1.023               0           58141           14533          0.0000;
    78    1.036               0           58742           14683          0.0000;
    79    1.049               0           59332           14832          0.0000;
    80    1.063               0           59911           14976          0.0000;
    81    1.076               0           60481           15119          0.0000;
    82    1.089               0           61041           15259          0.0000;
    83    1.102               0           61592           15397          0.0000;
    84    1.116               0           62135           15533          0.0000;
    85    1.129               0           62670           15667          0.0000;
    86    1.142               0           63198           15799          0.0000;
    87    1.155               0           63720           15929          0.0000;
    88    1.169               0           64237           16059          0.0000;
    89    1.182               0           64750           16187          0.0000;
    90    1.195               0           65258           16313          0.0000;
    91    1.209               0           65762           16440          0.0000;
    92    1.222               0           66263           16565          0.0000;
    93    1.235               0           66760           16688          0.0000;
    94    1.248               0           67253           16813          0.0000;
    95    1.262               0           67742           16935          0.0000;
    96    1.275               0           68228           17054          0.0000;
    97    1.288               0           68707           17176          0.0000;
    98    1.302               0           69182           17294          0.0000;
    99    1.315               0           69651           17410          0.0000;
   100    1.328               0           70112           17528          0.0000;
   101    1.341               0           70567           17640          0.0000;
   102    1.355               0           71016           17752          0.0000;
   103    1.368               0           71455           17863          0.0000;
   104    1.381               0           71888           17970          0.0000;
   105    1.395               0           72313           18076          0.0000;
   106    1.408               0           72729           18181          0.0000;
   107    1.421               0           73138           18282          0.0000;
   108    1.434               0           73540           18381          0.0000;
   109    1.448               0           73933           18481          0.0000;
   110    1.461               0           74319           18577          0.0000;
   111    1.474               0           74697           18671          0.0000;
   112    1.488               0           75068           18765          0.0000;
   113    1.501               0           75433           18856          0.0000;
   114    1.514               0           75790           18945          0.0000;
   115    1.527               0           76141           19032          0.0000;
   116    1.541               0           76485           19119          0.0000;
   117    1.554               0           76823           19203          0.0000;
   118    1.567               0           77154           19285          0.0000;
   119    1.580               0           77478           19366          0.0000;
   120    1.594               0           77796           19446          0.0000;
   121    1.607               0           78108           19524          0.0000;
   122    1.620               0           78414           19600          0.0000;
   123    1.634               0           78714           19675          0.0000;
   124    1.647               0           79007           19748          0.0000;
   125    1.660               0           79295           19820          0.0000;
   126    1.673               0           79576           19890          0.0000;
   127    1.687               0           79852           19958          0.0000;
   128    1.700               0           80123           20026          0.0000;
   129    1.713               0           80390           20093          0.0000;
   130    1.727               0           80651           20158          0.0000;
   131    1.740               0           80908           20222          0.0000;
   132    1.753               0           81160           20285          0.0000;
   133    1.766               0           81409           20347          0.0000;
   134    1.780               0           81654           20409          0.0000;
   135    1.793               0           81895           20469          0.0000;
   136    1.806               0           82132           20528          0.0000;
   137    1.820               0           82364           20586          0.0000;
   138    1.833               0           82592           20642          0.0000;
   139    1.846               0           82815           20698          0.0000;
   140    1.859               0           83034           20753          0.0000;
   141    1.873               0           83248           20806          0.0000;
   142    1.886               0           83457           20858          0.0000;
   143    1.899               0           83659           20909          0.0000;
   144    1.913               0           83857           20957          0.0000;
   145    1.926               0           84050           21006          0.0000;
   146    1.939               0           84237           21053          0.0000;
   147    1.952               0           84419           21099          0.0000;
   148    1.966               0           84594           21143          0.0000;
   149    1.979               0           84762           21185          0.0000;
   150    1.992               0           84924           21225          0.0000;
   151    2.005               0           85079           21264          0.0000;
   152    2.019               0           85228           21301          0.0000;
   153    2.032               0           85371           21337          0.0000;
   154    2.045               0           85509           21371          0.0000;
   155    2.059               0           85640           21404          0.0000;
   156    2.072               0           85764           21435          0.0000;
   157    2.085               0           85881           21465          0.0000;
   158    2.098               0           85991           21492          0.0000;
   159    2.112               0           86093           21517          0.0000;
   160    2.125               0           86188           21541          0.0000;
   161    2.138               0           86277           21564          0.0000;
   162    2.152               0           86359           21584          0.0000;
   163    2.165               0           86434           21603          0.0000;
   164    2.178               0           86504           21620          0.0000;
   165    2.191               0           86569           21636          0.0000;
   166    2.205               0           86628           21651          0.0000;
   167    2.218               0           86682           21665          0.0000;
   168    2.231               0           86730           21677          0.0000;
   169    2.245               0           86774           21688          0.0000;
   170    2.258               0           86812           21697          0.0000;
   171    2.271               0           86846           21706          0.0000;
   172    2.284               0           86874           21713          0.0000;
   173    2.298               0           86897           21718          0.0000;
   174    2.311               0           86915           21723          0.0000;
   175    2.324               0           86928           21726          0.0000;
   176    2.338               0           86937           21729          0.0000;
   177    2.351               0           86940           21729          0.0000;
   178    2.364               0           86941           21730          0.0000;
   179    2.377               0           86937           21730          0.0000;
   180    2.391               0           86930           21728          0.0000;
   181    2.404               0           86920           21726          0.0000;
   182    2.417               0           86908           21723          0.0000;
   183    2.430               0           86895           21719          0.0000;
   184    2.444               0           86882           21716          0.0000;
   185    2.457               0           86868           21713          0.0000;
   186    2.470               0           86854           21709          0.0000;
   187    2.484               0           86841           21706          0.0000;
   188    2.497               0           86827           21703          0.0000;
   189    2.510               0           86815           21699          0.0000;
   190    2.523               0           86803           21696          0.0000;
   191    2.537               0           86791           21693          0.0000;
   192    2.550               0           86781           21691          0.0000;
   193    2.563               0           86771           21688          0.0000;
   194    2.577               0           86763           21686          0.0000;
   195    2.590               0           86756           21684          0.0000;
   196    2.603               0           86750           21683          0.0000;
   197    2.616               0           86746           21682          0.0000;
   198    2.630               0           86743           21681          0.0000;
   199    2.643               0           86741           21680          0.0000;
   200    2.656               0           86740           21680          0.0000;
   201    2.670               0           86740           21680          0.0000;
   202    2.683               0           86740           21680          0.0000;
   203    2.696               0           86743           21680          0.0000;
   204    2.709               0           86745           21680          0.0000;
   205    2.723               0           86747           21681          0.0000;
   206    2.736               0           86749           21681          0.0000;
   207    2.749               0           86751           21682          0.0000;
   208    2.763               0           86752           21682          0.0000;
   209    2.776               0           86752           21682          0.0000;
   210    2.789               0           86752           21682          0.0000;
   211    2.802               0           86752           21682          0.0000;
   212    2.816               0           86751           21682          0.0000;
   213    2.829               0           86750           21682          0.0000;
   214    2.842               0           86748           21682          0.0000;
   215    2.855               0           86747           21682          0.0000;
   216    2.869               0           86747           21682          0.0000;
   217    2.882               0           86747           21682          0.0000;
   218    2.895               0           86747           21682          0.0000;
   219    2.909               0           86747           21682          0.0000;
   220    2.922               0           86747           21682          0.0000;
   221    2.935               0           86748           21682          0.0000;
   222    2.948               0           86748           21682          0.0000;
   223    2.962               0           86749           21682          0.0000;
   224    2.975               0           86749           21682          0.0000;
   225    2.988               0           86749           21682          0.0000;
   226    3.002               0           86749           21682          0.0000;
   227    3.015               0           86749           21682          0.0000;
   228    3.028               0           86749           21682          0.0000;
   229    3.041               0           86748           21682          0.0000;
   230    3.055               0           86748           21682          0.0000;
   231    3.068               0           86748           21682          0.0000;
   232    3.081               0           86748           21682          0.0000;
   233    3.095               0           86748           21682          0.0000;
   234    3.108               0           86748           21682          0.0000;
   235    3.121               0           86748           21682          0.0000;
   236    3.134               0           86748           21682          0.0000;
   237    3.148               0           86748           21682          0.0000;
   238    3.161               0           86748           21682          0.0000;
   239    3.174               0           86748           21682          0.0000;
   240    3.188               0           86748           21682          0.0000;
   241    3.201               0           86748           21682          0.0000;
   242    3.214               0           86748           21682          0.0000;
   243    3.227               0           86748           21682          0.0000;
   244    3.241               0           86748           21682          0.0000;
   245    3.254               0           86748           21682          0.0000;
   246    3.267               0           86748           21682          0.0000;
   247    3.280               0           86748           21682          0.0000
