     0    0.000              -1               0               0          1.5003;
     1    0.013              -1              24               4          1.5003;
     2    0.027              -1              95              21          1.5003;
     3    0.040              -1             213              51          1.5003;
     4    0.053              -1             380              93          1.5003;
     5    0.066              -1             596             147          1.5003;
     6    0.080              -1             861             213          1.5003;
     7    0.093              -1            1175             291          1.5003;
     8    0.106              -1            1533             381          1.5003;
     9    0.120              -1            1938             482          1.5003;
    10    0.133              -1            2394             595          1.5003;
    11    0.146              -1            2896             722          1.5003;
    12    0.159              -1            3446             859          1.5003;
    13    0.173              -1            4046            1008          1.5003;
    14    0.186              -1            4690            1170          1.5003;
    15    0.199              -1            5385            1343          1.5003;
    16    0.213              -1            6125            1529          1.5003;
    17    0.226              -1            6916            1726          1.5003;
    18    0.239              -1            7755            1936          1.5003;
    19    0.252              -1            8641            2157          1.5003;
    20    0.266              -1            9576            2390          1.5003;
    21    0.279              -1           10558            2636          1.5003;
    22    0.292              -1           11590            2893          1.5003;
    23    0.305              -1           12664            3162          0.0000;
    24    0.319              -1           13743            3436          0.0000;
    25    0.332              -1           14816            3703          0.0000;
    26    0.345              -1           15879            3969          0.0000;
    27    0.359              -1           16933            4233          0.0000;
    28    0.372              -1           17978            4493          0.0000;
    29    0.385              -1           19014            4753          0.0000;
    30    0.398              -1           20041            5009          0.0000;
    31    0.412              -1           21057            5263          0.0000;
    32    0.425              -1           22064            5514          0.0000;
    33    0.438              -1           23062            5763          0.0000;
    34    0.452              -1           24051            6010          0.0000;
    35    0.465              -1           25031            6256          0.0000;
    36    0.478              -1           26003            6499          0.0000;
    37    0.491              -1           26967            6739          0.0000;
    38    0.505              -1           27923            6979          0.0000;
    39    0.518              -1           28871            7216          0.0000;
    40    0.531              -1           29809            7451          0.0000;
    41    0.545              -1           30736            7682          0.0000;
    42    0.558              -1           31650            7912          0.0000;
    43    0.571              -1           32551            8137          0.0000;
    44    0.584              -1           33439            8360          0.0000;
    45    0.598              -1           34314            8580          0.0000;
    46    0.611              -1           35175            8796          0.0000;
    47    0.624              -1           36025            9010          0.0000;
    48    0.638              -1           36864            9220          0.0000;
    49    0.651              -1           37692            9427          0.0000;
    50    0.664              -1           38510            9632          0.0000;
    51    0.677              -1           39319            9835          0.0000;
    52    0.691              -1           40121           10035          0.0000;
    53    0.704              -1           40915           10234          0.0000;
    54    0.717              -1           41704           10431          0.0000;
    55    0.730              -1           42487           10627          0.0000;
    56    0.744              -1           43266           10822          0.0000;
    57    0.757              -1           44041           11016          0.0000;
    58    0.770              -1           44811           11209          0.0000;
    59    0.784              -1           45576           11399          0.0000;
    60    0.797              -1           46335           11590          0.0000;
    61    0.810              -1           47088           11777          0.0000;
    62    0.823              -1           47832           11965          0.0000;
    63    0.837              -1           48571           12148          0.0000;
    64    0.850              -1           49301           12331          0.0000;
    65    0.863              -1           50025           12513          0.0000;
    66    0.877              -1           50742           12692          0.0000;
    67    0.890              -1           51453           12871          0.0000;
    68    0.903              -1           52160           13046          0.0000;
    69    0.916              -1           52860           13223          0.0000;
    70    0.930              -1           53555           13395          0.0000;
    71    0.943              -1           54244           13568          0.0000;
    72    0.956              -1           54928           13738          0.0000;
    73    0.970              -1           55605           13908          0.0000;
    74    0.983              -1           56278           14074          0.0000;
    75    0.996              -1           56942           14241          0.0000;
    76    1.009              -1           57602           14404          0.0000;
    77    1.023              -1           58255           14568          0.0000;
    78    1.036              -1           58904           14729          0.0000;
    79    1.049              -1           59546           14891          0.0000;
    80    1.063              -1           60185           15049          0.0000;
    81    1.076              -1           60817           15209          0.0000;
    82    1.089              -1           61444           15364          0.0000;
    83    1.102              -1           62063           15520          0.0000;
    84    1.116              -1           62677           15672          0.0000;
    85    1.129              -1           63281           15825          0.0000;
    86    1.142              -1           63879           15973          0.0000;
    87    1.155              -1           64469           16121          0.0000;
    88    1.169              -1           65050           16267          0.0000;
    89    1.182              -1           65625           16410          0.0000;
    90    1.195              -1           66192           16553          0.0000;
    91    1.209              -1           66752           16693          0.0000;
    92    1.222              -1           67305           16832          0.0000;
    93    1.235              -1           67851           16969          0.0000;
    94    1.248              -1           68390           17104          0.0000;
    95    1.262              -1           68922           17237          0.0000;
    96    1.275              -1           69449           17368          0.0000;
    97    1.288              -1           69969           17498          0.0000;
    98    1.302              -1           70485           17627          0.0000;
    99    1.315              -1           70994           17754          0.0000;
   100    1.328              -1           71498           17880          0.0000;
   101    1.341              -1           71997           18004          0.0000;
   102    1.355              -1           72490           18128          0.0000;
   103    1.368              -1           72979           18250          0.0000;
   104    1.381              -1           73463           18371          0.0000;
   105    1.395              -1           73943           18491          0.0000;
   106    1.408              -1           74420           18610          0.0000;
   107    1.421              -1           74893           18727          0.0000;
   108    1.434              -1           75361           18845          0.0000;
   109    1.448              -1           75825           18961          0.0000;
   110    1.461              -1           76286           19075          0.0000;
   111    1.474              -1           76742           19190          0.0000;
   112    1.488              -1           77195           19302          0.0000;
   113    1.501              -1           77641           19414          0.0000;
   114    1.514              -1           78082           19525          0.0000;
   115    1.527              -1           78517           19632          0.0000;
   116    1.541              -1           78944           19739          0.0000;
   117    1.554              -1           79363           19844          0.0000;
   118    1.567              -1           79774           19946          0.0000;
   119    1.580              -1           80177           20046          0.0000;
   120    1.594              -1           80570           20145          0.0000;
   121    1.607              -1           80955           20241          0.0000;
   122    1.620              -1           81331           20333          0.0000;
   123    1.634              -1           81697           20426          0.0000;
   124    1.647              -1           82054           20515          0.0000;
   125    1.660              -1           82403           20601          0.0000;
   126    1.673              -1           82742           20686          0.0000;
   127    1.687              -1           83072           20769          0.0000;
   128    1.700              -1           83393           20850          0.0000;
   129    1.713              -1           83705           20927          0.0000;
   130    1.727              -1           84008           21002          0.0000;
   131    1.740              -1           84301           21076          0.0000;
   132    1.753              -1           84586           21147          0.0000;
   133    1.766              -1           84861           21215          0.0000;
   134    1.780              -1           85127           21281          0.0000;
   135    1.793              -1           85384           21346          0.0000;
   136    1.806              -1           85632           21408          0.0000;
   137    1.820              -1           85871           21467          0.0000;
   138    1.833              -1           86101           21525          0.0000;
   139    1.846              -1           86322           21579          0.0000;
   140    1.859              -1           86534           21631          0.0000;
   141    1.873              -1           86737           21683          0.0000;
   142    1.886              -1           86933           21732          0.0000;
   143    1.899              -1           87120           21779          0.0000;
   144    1.913              -1           87300           21823          0.0000;
   145    1.926              -1           87471           21866          0.0000;
   146    1.939              -1           87635           21907          0.0000;
   147    1.952              -1           87791           21946          0.0000;
   148    1.966              -1           87941           21983          0.0000;
   149    1.979              -1           88084           22019          0.0000;
   150    1.992              -1           88220           22053          0.0000;
   151    2.005              -1           88349           22086          0.0000;
   152    2.019              -1           88472           22116          0.0000;
   153    2.032              -1           88587           22145          0.0000;
   154    2.045              -1           88696           22172          0.0000;
   155    2.059              -1           88797           22197          0.0000;
   156    2.072              -1           88892           22221          0.0000;
   157    2.085              -1           88980           22243          0.0000;
   158    2.098              -1           89061           22263          0.0000;
   159    2.112              -1           89136           22282          0.0000;
   160    2.125              -1           89205           22299          0.0000;
   161    2.138              -1           89269           22315          0.0000;
   162    2.152              -1           89327           22330          0.0000;
   163    2.165              -1           89380           22343          0.0000;
   164    2.178              -1           89427           22354          0.0000;
   165    2.191              -1           89469           22365          0.0000;
   166    2.205              -1           89505           22374          0.0000;
   167    2.218              -1           89535           22381          0.0000;
   168    2.231              -1           89561           22388          0.0000;
   169    2.245              -1           89580           22393          0.0000;
   170    2.258              -1           89594           22396          0.0000;
   171    2.271              -1           89602           22398          0.0000;
   172    2.284              -1           89605           22399          0.0000;
   173    2.298              -1           89605           22399          0.0000;
   174    2.311              -1           89600           22399          0.0000;
   175    2.324              -1           89597           22399          0.0000;
   176    2.338              -1           89596           22399          0.0000;
   177    2.351              -1           89596           22399          0.0000;
   178    2.364              -1           89597           22399          0.0000;
   179    2.377              -1           89597           22399          0.0000;
   180    2.391              -1           89597           22399          0.0000;
   181    2.404              -1           89597           22399          0.0000;
   182    2.417              -1           89597           22399          0.0000;
   183    2.430              -1           89597           22399          0.0000;
   184    2.444              -1           89597           22399          0.0000;
   185    2.457              -1           89597           22399          0.0000;
   186    2.470              -1           89597           22399          0.0000;
   187    2.484              -1           89597           22399          0.0000;
   188    2.497              -1           89597           22399          0.0000;
   189    2.510              -1           89597           22399          0.0000;
   190    2.523              -1           89597           22399          0.0000;
   191    2.537              -1           89597           22399          0.0000;
   192    2.550              -1           89597           22399          0.0000;
   193    2.563              -1           89597           22399          0.0000;
   194    2.577              -1           89597           22399          0.0000;
   195    2.590              -1           89597           22399          0.0000;
   196    2.603              -1           89597           22399          0.0000;
   197    2.616              -1           89597           22399          0.0000;
   198    2.630              -1           89597           22399          0.0000;
   199    2.643              -1           89597           22399          0.0000;
   200    2.656              -1           89597           22399          0.0000;
   201    2.670              -1           89597           22399          0.0000;
   202    2.683              -1           89597           22399          0.0000;
   203    2.696              -1           89597           22399          0.0000;
   204    2.709              -1           89597           22399          0.0000;
   205    2.723              -1           89597           22399          0.0000;
   206    2.736              -1           89597           22399          0.0000;
   207    2.749              -1           89597           22399          0.0000;
   208    2.763              -1           89597           22399          0.0000;
   209    2.776              -1           89597           22399          0.0000;
   210    2.789              -1           89597           22399          0.0000;
   211    2.802              -1           89597           22399          0.0000;
   212    2.816              -1           89597           22399          0.0000;
   213    2.829              -1           89597           22399          0.0000;
   214    2.842              -1           89597           22399          0.0000;
   215    2.855              -1           89597           22399          0.0000;
   216    2.869              -1           89597           22399          0.0000;
   217    2.882              -1           89597           22399          0.0000;
   218    2.895              -1           89597           22399          0.0000;
   219    2.909              -1           89597           22399          0.0000;
   220    2.922              -1           89597           22399          0.0000;
   221    2.935              -1           89597           22399          0.0000;
   222    2.948              -1           89597           22399          0.0000;
   223    2.962              -1           89597           22399          0.0000;
   224    2.975              -1           89597           22399          0.0000;
   225    2.988              -1           89597           22399          0.0000;
   226    3.002              -1           89597           22399          0.0000;
   227    3.015              -1           89597           22399          0.0000;
   228    3.028              -1           89597           22399          0.0000;
   229    3.041              -1           89597           22399          0.0000;
   230    3.055              -1           89597           22399          0.0000;
   231    3.068              -1           89597           22399          0.0000;
   232    3.081              -1           89597           22399          0.0000;
   233    3.095              -1           89597           22399          0.0000;
   234    3.108              -1           89597           22399          0.0000;
   235    3.121              -1           89597           22399          0.0000;
   236    3.134              -1           89597           22399          0.0000;
   237    3.148              -1           89597           22399          0.0000;
   238    3.161              -1           89597           22399          0.0000;
   239    3.174              -1           89597           22399          0.0000;
   240    3.188              -1           89597           22399          0.0000;
   241    3.201              -1           89597           22399          0.0000;
   242    3.214              -1           89597           22399          0.0000;
   243    3.227              -1           89597           22399          0.0000;
   244    3.241              -1           89597           22399          0.0000;
   245    3.254              -1           89597           22399          0.0000;
   246    3.267              -1           89597           22399          0.0000;
   247    3.280              -1           89597           22399          0.0000
