     0    0.000               0               0               0          1.5003;
     1    0.013               0              26               2          1.5003;
     2    0.027               0              80              13          1.5003;
     3    0.040               0             157              35          1.5003;
     4    0.053               0             271              62          1.5003;
     5    0.066               0             410              98          1.5003;
     6    0.080               0             576             140          1.5003;
     7    0.093               0             775             189          1.5003;
     8    0.106               0            1004             246          1.5003;
     9    0.120               0            1263             311          1.5003;
    10    0.133               0            1555             383          1.5003;
    11    0.146               0            1872             463          1.5003;
    12    0.159               0            2218             550          1.5003;
    13    0.173               0            2598             643          1.5003;
    14    0.186               0            3007             744          1.5003;
    15    0.199               0            3441             854          1.5003;
    16    0.213               0            3907             970          1.5003;
    17    0.226               0            4407            1094          1.5003;
    18    0.239               0            4930            1225          1.5003;
    19    0.252               0            5487            1364          1.5003;
    20    0.266               0            6074            1510          1.5003;
    21    0.279               0            6691            1664          1.5003;
    22    0.292               0            7339            1825          1.5003;
    23    0.305               0            8011            1994          0.0000;
    24    0.319               0            8678            2168          0.0000;
    25    0.332               0            9342            2342          0.0000;
    26    0.345               0           10018            2510          0.0000;
    27    0.359               0           10697            2676          0.0000;
    28    0.372               0           11369            2842          0.0000;
    29    0.385               0           12030            3008          0.0000;
    30    0.398               0           12686            3174          0.0000;
    31    0.412               0           13337            3338          0.0000;
    32    0.425               0           13986            3500          0.0000;
    33    0.438               0           14630            3660          0.0000;
    34    0.452               0           15268            3819          0.0000;
    35    0.465               0           15899            3976          0.0000;
    36    0.478               0           16526            4133          0.0000;
    37    0.491               0           17148            4288          0.0000;
    38    0.505               0           17765            4443          0.0000;
    39    0.518               0           18378            4595          0.0000;
    40    0.531               0           18984            4747          0.0000;
    41    0.545               0           19586            4897          0.0000;
    42    0.558               0           20182            5047          0.0000;
    43    0.571               0           20775            5195          0.0000;
    44    0.584               0           21362            5342          0.0000;
    45    0.598               0           21946            5487          0.0000;
    46    0.611               0           22526            5631          0.0000;
    47    0.624               0           23101            5775          0.0000;
    48    0.638               0           23673            5917          0.0000;
    49    0.651               0           24239            6059          0.0000;
    50    0.664               0           24802            6199          0.0000;
    51    0.677               0           25359            6339          0.0000;
    52    0.691               0           25913            6477          0.0000;
    53    0.704               0           26461            6614          0.0000;
    54    0.717               0           27002            6750          0.0000;
    55    0.730               0           27539            6884          0.0000;
    56    0.744               0           28069            7016          0.0000;
    57    0.757               0           28592            7147          0.0000;
    58    0.770               0           29107            7276          0.0000;
    59    0.784               0           29615            7403          0.0000;
    60    0.797               0           30116            7529          0.0000;
    61    0.810               0           30609            7652          0.0000;
    62    0.823               0           31096            7774          0.0000;
    63    0.837               0           31577            7894          0.0000;
    64    0.850               0           32050            8013          0.0000;
    65    0.863               0           32519            8130          0.0000;
    66    0.877               0           32980            8246          0.0000;
    67    0.890               0           33435            8359          0.0000;
    68    0.903               0           33885            8471          0.0000;
    69    0.916               0           34329            8583          0.0000;
    70    0.930               0           34767            8693          0.0000;
    71    0.943               0           35202            8801          0.0000;
    72    0.956               0           35630            8908          0.0000;
    73    0.970               0           36053            9014          0.0000;
    74    0.983               0           36473            9118          0.0000;
    75    0.996               0           36887            9222          0.0000;
    76    1.009               0           37297            9325          0.0000;
    77    1.023               0           37704            9426          0.0000;
    78    1.036               0           38106            9527          0.0000;
    79    1.049               0           38504            9626          0.0000;
    80    1.063               0           38898            9725          0.0000;
    81    1.076               0           39291            9822          0.0000;
    82    1.089               0           39678            9919          0.0000;
    83    1.102               0           40062           10016          0.0000;
    84    1.116               0           40447           10111          0.0000;
    85    1.129               0           40829           10206          0.0000;
    86    1.142               0           41206           10302          0.0000;
    87    1.155               0           41581           10396          0.0000;
    88    1.169               0           41958           10489          0.0000;
    89    1.182               0           42330           10582          0.0000;
    90    1.195               0           42698           10675          0.0000;
    91    1.209               0           43066           10767          0.0000;
    92    1.222               0           43432           10858          0.0000;
    93    1.235               0           43792           10949          0.0000;
    94    1.248               0           44148           11038          0.0000;
    95    1.262               0           44505           11126          0.0000;
    96    1.275               0           44857           11214          0.0000;
    97    1.288               0           45201           11302          0.0000;
    98    1.302               0           45542           11387          0.0000;
    99    1.315               0           45884           11471          0.0000;
   100    1.328               0           46219           11554          0.0000;
   101    1.341               0           46547           11638          0.0000;
   102    1.355               0           46873           11719          0.0000;
   103    1.368               0           47199           11799          0.0000;
   104    1.381               0           47517           11879          0.0000;
   105    1.395               0           47827           11958          0.0000;
   106    1.408               0           48136           12035          0.0000;
   107    1.421               0           48444           12111          0.0000;
   108    1.434               0           48744           12186          0.0000;
   109    1.448               0           49037           12260          0.0000;
   110    1.461               0           49327           12334          0.0000;
   111    1.474               0           49616           12404          0.0000;
   112    1.488               0           49900           12474          0.0000;
   113    1.501               0           50177           12544          0.0000;
   114    1.514               0           50449           12613          0.0000;
   115    1.527               0           50719           12679          0.0000;
   116    1.541               0           50986           12745          0.0000;
   117    1.554               0           51247           12810          0.0000;
   118    1.567               0           51502           12875          0.0000;
   119    1.580               0           51755           12939          0.0000;
   120    1.594               0           52003           13000          0.0000;
   121    1.607               0           52250           13061          0.0000;
   122    1.620               0           52491           13121          0.0000;
   123    1.634               0           52727           13181          0.0000;
   124    1.647               0           52960           13239          0.0000;
   125    1.660               0           53190           13297          0.0000;
   126    1.673               0           53416           13353          0.0000;
   127    1.687               0           53639           13408          0.0000;
   128    1.700               0           53857           13463          0.0000;
   129    1.713               0           54070           13517          0.0000;
   130    1.727               0           54281           13569          0.0000;
   131    1.740               0           54488           13621          0.0000;
   132    1.753               0           54692           13671          0.0000;
   133    1.766               0           54894           13721          0.0000;
   134    1.780               0           55091           13770          0.0000;
   135    1.793               0           55284           13819          0.0000;
   136    1.806               0           55475           13867          0.0000;
   137    1.820               0           55663           13914          0.0000;
   138    1.833               0           55848           13960          0.0000;
   139    1.846               0           56032           14006          0.0000;
   140    1.859               0           56213           14050          0.0000;
   141    1.873               0           56390           14095          0.0000;
   142    1.886               0           56563           14139          0.0000;
   143    1.899               0           56735           14182          0.0000;
   144    1.913               0           56905           14224          0.0000;
   145    1.926               0           57071           14266          0.0000;
   146    1.939               0           57234           14307          0.0000;
   147    1.952               0           57396           14347          0.0000;
   148    1.966               0           57555           14385          0.0000;
   149    1.979               0           57711           14424          0.0000;
   150    1.992               0           57863           14463          0.0000;
   151    2.005               0           58012           14500          0.0000;
   152    2.019               0           58160           14537          0.0000;
   153    2.032               0           58304           14574          0.0000;
   154    2.045               0           58444           14608          0.0000;
   155    2.059               0           58581           14643          0.0000;
   156    2.072               0           58716           14676          0.0000;
   157    2.085               0           58848           14708          0.0000;
   158    2.098               0           58975           14740          0.0000;
   159    2.112               0           59099           14771          0.0000;
   160    2.125               0           59219           14802          0.0000;
   161    2.138               0           59337           14831          0.0000;
   162    2.152               0           59451           14860          0.0000;
   163    2.165               0           59561           14887          0.0000;
   164    2.178               0           59668           14915          0.0000;
   165    2.191               0           59771           14940          0.0000;
   166    2.205               0           59870           14965          0.0000;
   167    2.218               0           59965           14989          0.0000;
   168    2.231               0           60056           15011          0.0000;
   169    2.245               0           60142           15031          0.0000;
   170    2.258               0           60223           15052          0.0000;
   171    2.271               0           60300           15071          0.0000;
   172    2.284               0           60374           15090          0.0000;
   173    2.298               0           60444           15107          0.0000;
   174    2.311               0           60510           15124          0.0000;
   175    2.324               0           60572           15140          0.0000;
   176    2.338               0           60630           15155          0.0000;
   177    2.351               0           60683           15168          0.0000;
   178    2.364               0           60733           15180          0.0000;
   179    2.377               0           60777           15191          0.0000;
   180    2.391               0           60818           15202          0.0000;
   181    2.404               0           60853           15211          0.0000;
   182    2.417               0           60884           15219          0.0000;
   183    2.430               0           60911           15225          0.0000;
   184    2.444               0           60933           15231          0.0000;
   185    2.457               0           60951           15235          0.0000;
   186    2.470               0           60964           15238          0.0000;
   187    2.484               0           60972           15240          0.0000;
   188    2.497               0           60977           15242          0.0000;
   189    2.510               0           60977           15242          0.0000;
   190    2.523               0           60974           15242          0.0000;
   191    2.537               0           60966           15241          0.0000;
   192    2.550               0           60956           15237          0.0000;
   193    2.563               0           60942           15234          0.0000;
   194    2.577               0           60927           15230          0.0000;
   195    2.590               0           60909           15226          0.0000;
   196    2.603               0           60891           15221          0.0000;
   197    2.616               0           60871           15216          0.0000;
   198    2.630               0           60851           15211          0.0000;
   199    2.643               0           60829           15205          0.0000;
   200    2.656               0           60807           15200          0.0000;
   201    2.670               0           60785           15194          0.0000;
   202    2.683               0           60763           15189          0.0000;
   203    2.696               0           60741           15183          0.0000;
   204    2.709               0           60718           15177          0.0000;
   205    2.723               0           60696           15172          0.0000;
   206    2.736               0           60675           15167          0.0000;
   207    2.749               0           60653           15161          0.0000;
   208    2.763               0           60632           15156          0.0000;
   209    2.776               0           60611           15151          0.0000;
   210    2.789               0           60591           15145          0.0000;
   211    2.802               0           60572           15140          0.0000;
   212    2.816               0           60554           15136          0.0000;
   213    2.829               0           60536           15131          0.0000;
   214    2.842               0           60519           15127          0.0000;
   215    2.855               0           60504           15123          0.0000;
   216    2.869               0           60489           15120          0.0000;
   217    2.882               0           60475           15116          0.0000;
   218    2.895               0           60463           15112          0.0000;
   219    2.909               0           60452           15110          0.0000;
   220    2.922               0           60441           15107          0.0000;
   221    2.935               0           60432           15105          0.0000;
   222    2.948               0           60425           15103          0.0000;
   223    2.962               0           60418           15101          0.0000;
   224    2.975               0           60413           15100          0.0000;
   225    2.988               0           60409           15099          0.0000;
   226    3.002               0           60406           15098          0.0000;
   227    3.015               0           60405           15098          0.0000;
   228    3.028               0           60404           15097          0.0000;
   229    3.041               0           60404           15097          0.0000;
   230    3.055               0           60404           15097          0.0000;
   231    3.068               0           60407           15097          0.0000;
   232    3.081               0           60409           15097          0.0000;
   233    3.095               0           60412           15099          0.0000;
   234    3.108               0           60415           15099          0.0000;
   235    3.121               0           60418           15100          0.0000;
   236    3.134               0           60421           15101          0.0000;
   237    3.148               0           60423           15102          0.0000;
   238    3.161               0           60425           15102          0.0000;
   239    3.174               0           60426           15102          0.0000;
   240    3.188               0           60427           15103          0.0000;
   241    3.201               0           60427           15103          0.0000;
   242    3.214               0           60427           15103          0.0000;
   243    3.227               0           60427           15103          0.0000;
   244    3.241               0           60427           15103          0.0000;
   245    3.254               0           60426           15103          0.0000;
   246    3.267               0           60424           15103          0.0000;
   247    3.280               0           60422           15103          0.0000
